100 2000
55 84
28 67
29 32
40 41
6 84
3 15
54 97
66 71
51 91
24 74
36 48
15 25
88 95
7 21
59 68
70 77
29 45
6 61
62 78
81 91
54 74
25 47
39 94
31 90
32 55
43 64
14 37
32 91
65 88
35 96
68 93
28 57
69 94
21 54
8 84
62 91
20 94
13 55
64 100
24 64
43 77
35 73
1 80
6 15
17 61
58 62
69 71
15 100
61 67
40 44
6 51
50 94
10 21
42 90
2 17
8 97
94 100
54 64
73 77
31 80
32 45
51 58
3 18
1 57
87 97
13 68
4 99
36 51
76 87
28 47
88 98
6 28
38 97
69 84
80 93
20 48
12 44
23 53
2 30
75 100
32 58
64 90
56 86
16 50
46 78
65 91
42 44
7 86
8 51
30 69
31 34
10 11
42 80
19 96
12 57
13 22
31 70
4 53
64 67
1 47
53 94
46 55
5 17
57 64
6 18
79 88
90 97
61 70
8 64
48 100
60 74
30 82
31 47
4 30
23 43
83 94
75 90
1 24
34 58
25 89
53 71
13 35
72 84
37 63
16 40
56 76
78 100
7 76
8 41
27 54
18 85
41 74
60 87
33 70
44 79
10 86
34 71
53 84
38 41
56 89
49 50
7 53
18 62
30 36
48 90
60 64
20 28
39 41
6 93
4 20
75 80
1 14
44 92
85 93
16 30
2 95
22 73
15 34
26 43
67 81
18 39
36 93
27 44
18 75
71 87
82 96
29 90
21 86
40 99
60 77
12 37
25 56
10 76
25 92
45 70
32 100
47 79
67 94
59 90
29 67
48 80
40 76
12 14
10 53
1 4
33 73
25 69
44 82
43 86
3 50
15 24
26 33
59 67
70 76
55 96
28 79
47 92
48 57
7 56
19 30
92 100
6 60
71 77
40 89
60 67
33 50
6 96
52 63
39 93
10 66
3 27
22 40
14 36
34 51
93 100
13 77
37 56
32 90
3 63
16 82
43 99
35 95
36 60
7 33
70 89
17 83
36 96
9 79
69 93
40 66
62 90
33 63
73 99
20 93
25 59
12 89
2 75
3 40
22 53
1 79
66 96
13 90
65 100
36 73
9 56
47 82
5 85
42 89
8 96
33 40
25 36
44 49
2 52
3 17
66 73
85 86
32 80
36 50
28 46
1 92
6 27
38 96
29 47
80 92
10 33
2 29
81 93
73 89
4 75
1 69
65 90
36 63
9 46
68 95
47 72
77 100
69 96
42 79
25 26
11 91
39 73
31 69
12 92
32 70
4 88
16 62
56 98
35 75
9 23
28 36
5 52
6 17
57 99
58 64
9 59
50 60
19 72
39 50
91 97
10 23
39 86
13 34
72 83
32 47
16 39
34 93
16 75
57 76
9 36
49 72
58 77
50 73
42 69
27 89
11 81
12 46
1 36
12 82
53 83
72 96
64 92
16 52
9 13
5 42
65 93
57 89
68 98
7 88
39 40
11 58
30 71
31 36
10 13
75 79
54 56
41 86
11 94
52 95
13 24
53 60
44 91
32 37
23 68
4 55
16 29
87 89
34 83
38 53
57 66
17 30
76 79
49 62
68 75
15 69
7 65
26 78
19 39
79 90
71 86
90 99
8 66
40 98
20 40
39 53
31 49
53 73
3 72
14 81
34 96
46 70
18 51
38 66
49 75
15 82
27 56
18 87
12 13
71 99
30 61
63 95
60 89
52 85
25 68
44 81
45 46
10 88
22 62
1 39
34 73
46 47
38 43
3 85
55 95
19 29
11 25
71 76
42 49
29 79
8 56
11 61
12 26
44 58
23 35
75 82
74 86
25 81
56 68
22 75
14 71
86 96
18 41
59 79
78 92
38 56
36 95
28 91
7 68
8 33
27 46
40 65
41 66
52 75
10 78
14 48
74 99
37 68
3 75
7 45
26 58
18 54
59 92
11 15
9 91
29 69
48 82
21 65
6 85
4 12
44 48
54 98
25 71
66 72
37 45
51 92
56 58
2 87
43 88
35 84
15 26
7 22
67 73
59 69
70 78
17 72
28 81
47 94
8 23
11 28
6 62
29 82
81 92
41 56
33 52
25 48
39 95
3 29
13 79
35 97
15 39
59 82
58 86
28 94
29 59
48 72
21 55
61 91
40 68
6 75
62 92
12 91
32 69
51 82
47 48
18 21
16 97
57 98
17 62
9 58
29 36
47 84
21 32
40 45
5 87
6 52
58 99
50 95
10 22
21 68
81 82
54 65
33 42
39 85
31 81
51 59
84 93
74 79
87 98
32 82
4 100
24 78
76 88
36 52
88 99
38 98
17 75
9 71
69 85
40 58
6 65
19 84
39 62
30 93
54 78
73 91
4 77
16 51
1 71
5 41
36 65
28 61
21 22
5 77
10 12
61 94
19 97
25 28
3 9
43 45
14 18
13 59
16 64
56 100
35 77
68 74
38 88
58 66
9 61
50 62
42 58
8 65
20 39
30 83
31 48
91 99
42 94
2 21
75 91
4 67
32 49
23 80
64 81
24 45
43 58
1 61
37 100
38 65
17 42
76 91
9 38
20 52
11 83
12 48
39 65
31 61
53 85
13 49
45 81
5 8
3 84
9 15
22 97
14 93
6 9
38 78
57 91
49 87
42 48
8 55
19 64
30 73
31 38
23 34
41 88
1 15
13 26
72 75
64 71
24 35
35 44
53 98
46 59
37 90
38 55
68 77
7 67
79 92
30 50
71 88
82 97
11 73
12 38
45 71
56 80
14 83
15 48
7 44
67 95
26 57
48 81
27 58
19 54
11 50
12 15
4 11
23 24
41 78
33 74
52 87
13 16
25 70
45 48
24 25
16 21
56 57
14 60
34 75
67 72
26 34
38 45
57 58
14 96
15 61
55 97
47 93
27 35
19 31
90 91
29 81
21 77
40 90
6 97
52 64
12 28
44 60
22 41
34 52
56 70
22 77
14 73
55 74
26 47
86 98
17 84
29 58
8 35
48 71
40 67
19 44
63 87
41 68
73 100
52 77
3 41
22 54
66 97
13 91
16 96
55 87
15 51
18 56
59 94
11 17
63 64
29 71
48 84
40 80
41 45
33 41
52 54
2 53
22 31
74 78
37 47
51 94
14 63
7 24
18 33
70 80
17 74
9 70
77 88
29 48
47 96
21 44
5 99
10 34
41 58
54 77
44 63
31 93
14 40
74 91
66 87
32 94
16 86
36 64
5 76
6 41
9 83
21 57
6 77
2 43
51 84
24 67
35 76
1 83
7 14
47 50
13 94
46 91
16 99
40 47
80 83
5 89
50 97
62 71
20 74
32 48
2 56
84 95
14 30
87 100
13 71
32 84
24 80
36 54
1 96
6 31
42 70
19 86
31 60
54 80
4 79
32 61
51 74
64 93
43 70
16 53
17 18
1 73
6 8
65 94
57 90
17 54
9 50
49 86
28 63
21 24
7 89
27 67
18 98
6 44
10 14
42 83
2 10
54 57
20 64
11 95
13 25
31 73
24 34
3 11
43 47
84 85
34 84
13 61
4 92
45 93
24 70
17 31
3 96
76 80
36 44
88 91
49 99
90 100
50 64
69 77
77 81
61 73
27 80
19 76
11 72
31 50
54 70
13 38
24 47
16 43
56 79
34 97
15 83
7 79
26 92
27 57
19 53
30 62
50 77
42 73
31 63
4 46
72 100
5 10
46 48
37 79
56 92
17 21
9 17
22 99
46 84
38 80
79 81
30 39
49 89
82 86
42 50
61 63
7 92
27 70
19 66
12 27
30 75
31 40
1 17
52 99
13 28
24 37
22 76
5 23
37 92
78 93
15 73
7 69
26 82
27 47
30 52
63 86
82 99
29 93
41 67
11 75
12 40
10 79
75 96
34 64
25 95
64 86
3 76
22 89
14 85
15 50
7 46
59 93
17 96
7 82
20 21
6 86
52 53
11 52
4 13
23 26
41 80
1 7
60 93
34 41
52 89
53 54
44 85
45 50
15 27
26 36
18 32
78 83
36 86
15 63
48 60
18 68
5 98
79 84
40 92
60 70
33 53
12 30
4 26
1 20
14 39
33 89
34 54
66 86
85 99
37 59
32 93
7 36
26 49
18 45
17 86
28 95
29 60
21 56
10 46
25 62
10 82
15 17
66 99
17 63
36 76
55 89
28 72
47 85
48 50
40 46
19 23
5 88
92 93
17 99
63 66
21 69
40 82
52 56
25 39
22 33
34 44
66 76
37 49
32 83
43 92
3 56
1 95
47 62
7 26
5 65
29 50
21 46
6 66
54 79
73 92
39 99
31 95
43 69
3 33
14 42
66 89
24 92
16 88
36 66
9 49
28 62
6 43
58 90
69 99
29 63
61 95
21 59
10 49
62 96
14 19
13 60
51 86
35 78
88 90
7 16
59 63
5 55
17 66
58 67
69 76
29 40
61 72
40 49
92 96
50 99
91 100
10 26
62 73
73 82
20 76
32 50
4 68
51 63
23 81
35 55
1 62
24 82
65 83
57 79
17 43
76 92
5 68
58 80
77 93
50 76
42 72
27 92
30 97
23 58
12 85
72 99
4 81
24 59
64 95
56 91
46 83
6 10
17 56
57 92
7 91
27 69
30 74
50 89
42 85
94 95
54 59
20 66
11 97
12 62
13 27
4 58
32 40
23 71
43 49
16 32
35 45
95 96
1 52
87 92
34 86
13 63
37 91
65 73
16 68
17 33
76 82
49 65
28 42
15 72
26 81
46 96
18 77
50 66
61 75
8 69
39 56
31 52
1 29
25 94
72 89
4 71
45 72
64 85
24 49
16 45
34 99
5 35
65 86
38 69
15 85
7 81
27 59
11 51
63 98
23 25
41 79
20 56
11 87
12 52
23 61
10 91
16 22
53 89
5 12
64 98
37 81
57 59
17 23
49 55
9 19
14 97
27 36
18 67
19 32
38 82
71 79
30 41
42 52
48 95
19 68
20 33
6 98
94 98
1 19
44 97
45 62
16 35
22 78
14 74
34 89
26 48
37 94
78 95
57 72
49 68
8 36
26 84
18 80
71 92
29 95
21 91
33 65
52 78
12 42
4 38
1 32
56 84
3 78
22 91
14 87
15 52
7 48
59 95
19 22
18 57
17 98
8 49
20 23
31 32
41 82
34 43
52 91
44 87
45 52
64 65
37 48
10 94
51 95
56 61
7 25
86 89
18 34
78 85
38 49
36 88
7 61
27 39
5 100
30 44
63 78
48 98
21 81
40 94
60 72
33 55
25 51
44 64
10 71
2 67
32 95
26 51
18 47
70 94
9 84
48 75
4 5
2 44
54 91
20 98
51 85
7 15
26 28
70 71
17 65
36 78
28 74
29 39
47 87
8 16
19 25
11 21
41 49
81 85
73 81
6 91
25 41
66 78
13 72
24 81
16 77
35 90
28 51
47 64
59 75
18 37
5 67
17 78
28 87
48 65
80 97
6 68
2 34
54 81
73 94
20 88
25 54
12 84
32 62
23 93
24 58
43 71
35 67
1 74
13 85
65 95
17 55
36 68
9 51
47 77
21 25
58 92
10 15
42 84
19 100
20 65
39 78
10 51
23 70
84 86
22 25
54 94
14 21
66 68
12 97
13 62
32 75
43 84
16 67
35 80
28 41
1 87
47 54
6 22
38 91
58 69
49 100
77 82
69 78
21 38
39 55
10 28
54 71
20 78
12 74
13 39
31 87
4 70
72 88
51 65
24 48
3 25
34 98
65 85
17 45
57 81
49 77
68 90
26 93
6 35
58 82
50 78
42 74
8 81
19 90
12 51
30 99
31 64
23 60
2 37
1 41
12 87
53 88
4 83
45 84
32 65
24 61
35 70
28 31
1 77
46 85
57 94
50 55
42 51
21 28
27 71
19 67
39 45
30 76
31 41
91 92
42 87
75 84
52 100
4 60
23 73
34 88
5 24
37 93
38 58
3 100
9 31
49 67
68 80
27 48
18 79
58 72
30 53
42 64
82 100
61 77
8 71
27 84
12 41
33 100
13 42
72 91
45 74
37 70
16 47
3 77
22 90
26 60
67 98
5 37
15 87
7 83
18 92
11 53
23 27
1 8
33 77
12 54
13 19
4 50
44 86
24 28
56 60
35 37
22 67
53 91
37 83
38 48
57 61
49 57
89 93
7 60
79 85
71 81
90 94
82 90
29 84
52 67
23 40
83 91
75 87
41 94
25 86
53 68
72 81
85 100
56 73
14 76
15 41
78 97
38 61
70 93
49 70
15 77
8 38
19 47
11 43
71 94
4 40
34 68
25 99
66 100
26 27
37 73
15 54
7 50
59 97
17 100
9 96
52 57
12 21
4 17
23 30
75 77
22 34
1 11
33 80
74 81
10 96
2 92
15 31
7 27
26 40
86 91
59 74
89 96
36 90
47 99
11 33
6 67
71 84
21 83
41 61
73 93
52 70
25 53
44 66
39 100
10 73
2 69
32 97
24 93
36 67
47 76
7 40
67 91
59 87
18 49
28 99
21 60
40 73
33 34
25 30
4 7
22 24
25 66
37 40
2 82
3 47
14 56
47 53
59 64
99 100
17 67
55 93
8 18
21 37
5 92
6 57
11 23
9 99
10 27
42 96
81 87
41 51
33 47
73 83
25 43
3 24
22 37
14 33
74 84
13 74
51 100
16 79
17 44
36 57
55 70
28 53
5 69
6 34
58 81
77 94
9 76
21 50
80 99
10 40
81 100
54 83
51 77
16 56
35 69
5 46
24 96
16 92
36 70
5 82
6 47
58 94
42 86
2 13
61 99
8 93
54 60
39 80
31 76
32 41
43 50
22 27
35 46
14 23
87 93
17 34
36 47
47 56
58 71
77 84
50 67
21 40
80 89
39 57
30 88
31 53
42 99
83 100
13 41
32 54
72 90
23 85
43 63
1 66
34 100
65 87
38 70
57 83
17 47
9 43
49 79
15 86
26 95
27 60
6 37
18 91
50 80
2 3
61 89
8 83
27 96
12 53
24 27
1 43
34 77
4 85
16 59
17 24
36 37
28 33
68 69
26 72
57 96
49 92
69 70
15 99
61 66
7 95
8 60
39 47
30 78
91 94
23 39
75 86
94 99
13 31
32 44
72 80
4 62
64 76
23 75
84 91
35 49
45 99
86 100
5 26
65 77
37 95
46 64
76 86
79 97
30 55
42 66
8 73
19 82
39 60
12 43
11 78
4 39
75 99
34 67
16 49
14 88
67 100
46 77
59 96
49 82
7 85
27 63
19 59
11 55
12 20
31 33
75 76
60 96
12 56
13 21
53 57
44 88
45 53
64 66
24 30
10 95
16 26
34 80
86 90
65 67
57 63
97 99
89 95
68 72
47 98
26 75
27 40
18 71
19 36
11 32
30 45
90 96
63 79
29 86
48 99
21 82
20 37
60 73
52 69
44 65
10 72
1 23
33 92
34 57
53 70
45 66
14 78
15 43
59 86
38 63
70 95
7 75
8 40
27 53
19 49
21 95
52 82
25 65
3 46
22 59
15 20
37 75
70 72
36 79
7 52
18 61
5 91
11 22
71 73
9 98
48 89
21 72
40 85
41 50
60 63
10 62
1 13
33 82
66 79
85 92
51 99
43 95
3 59
22 72
55 69
67 80
26 42
18 38
59 76
89 98
36 92
8 30
48 66
6 69
21 85
31 98
10 75
51 76
3 36
22 49
14 45
74 96
66 92
32 99
16 91
55 82
28 65
7 42
47 78
5 81
11 12
48 79
21 62
33 36
4 9
10 52
62 99
14 22
34 37
37 42
51 89
24 72
43 85
96 97
26 32
13 99
18 28
59 66
9 65
21 39
80 88
40 52
92 99
6 59
2 25
54 72
73 85
39 92
31 88
32 53
51 66
23 84
2 61
84 100
3 26
22 39
66 82
43 98
76 95
36 59
9 42
47 68
6 36
17 82
58 83
69 92
21 52
27 95
10 42
54 85
73 98
12 88
4 84
32 66
51 79
43 75
16 58
13 89
5 48
65 99
57 95
58 60
49 91
28 68
15 98
61 65
5 84
10 19
42 88
62 66
20 69
11 100
12 65
32 43
24 39
84 90
3 16
14 25
1 55
13 66
4 97
45 98
24 75
65 76
76 85
9 32
68 81
88 96
58 73
77 86
50 69
69 82
21 42
27 85
39 59
31 55
10 32
23 51
75 98
54 75
12 78
13 43
4 74
24 52
43 65
35 61
57 85
17 49
30 67
50 82
2 5
8 85
20 59
60 95
39 72
11 90
13 20
35 38
1 45
34 79
5 15
37 84
16 61
57 62
56 97
36 39
28 35
15 65
5 51
46 89
58 63
98 99
49 94
50 59
90 95
69 72
42 55
7 97
27 75
20 36
11 67
30 80
31 45
75 88
41 95
1 22
72 82
45 65
64 78
16 38
5 28
37 97
49 71
9 35
26 87
27 52
18 83
79 99
63 91
41 72
20 49
52 81
31 58
4 41
44 77
23 54
45 78
37 74
38 39
3 81
9 12
22 94
26 64
38 75
30 34
42 45
8 52
27 65
19 61
60 62
12 22
4 18
41 85
1 12
52 94
13 23
53 59
93 95
45 55
56 64
14 67
34 82
26 41
86 92
46 56
15 68
7 64
19 38
90 98
63 81
40 97
41 62
12 35
52 71
23 44
10 74
22 48
53 72
66 91
45 68
32 98
56 77
3 71
22 84
14 80
55 81
67 92
26 54
18 50
17 91
9 87
28 100
29 65
48 78
40 74
6 81
63 94
21 97
62 98
41 75
52 84
37 41
3 48
14 57
15 22
67 69
26 31
18 27
38 42
36 81
28 77
7 54
27 32
18 63
5 93
92 98
30 37
63 71
82 84
48 91
41 52
4 21
14 34
25 80
93 98
32 88
35 93
14 70
47 67
26 44
70 87
17 81
36 94
29 55
21 51
40 64
10 41
54 84
25 57
44 70
10 77
23 96
43 74
3 38
22 51
14 47
7 8
